3.000000000000000000e+00 2.091346399999999903e+02
9.000000000000000000e+00 2.451508399999999881e+02
1.500000000000000000e+01 2.946621700000000033e+02
2.100000000000000000e+01 3.169379999999999882e+02
2.700000000000000000e+01 3.471744100000000230e+02
3.300000000000000000e+01 3.670810000000000173e+02
3.900000000000000000e+01 3.742370300000000043e+02
4.500000000000000000e+01 3.817004400000000146e+02
5.100000000000000000e+01 3.838023999999999774e+02
5.700000000000000000e+01 3.840348500000000058e+02
6.300000000000000000e+01 3.865097999999999843e+02
6.900000000000000000e+01 3.866729399999999828e+02
7.500000000000000000e+01 3.861177799999999820e+02
8.100000000000000000e+01 3.866542699999999968e+02
8.700000000000000000e+01 3.866539399999999773e+02
9.300000000000000000e+01 3.836703600000000165e+02
9.900000000000000000e+01 3.845386899999999741e+02
1.050000000000000000e+02 3.849022199999999998e+02
1.110000000000000000e+02 3.850046100000000138e+02
1.170000000000000000e+02 3.857795199999999909e+02
1.230000000000000000e+02 3.863074213089799400e+02
1.290000000000000000e+02 3.846475705899387094e+02
1.350000000000000000e+02 3.857721109109618283e+02
1.410000000000000000e+02 3.857843495724030731e+02
1.470000000000000000e+02 3.858640968501052271e+02
