1.199999999999999956e+00 -4.600683999999999885e-01
3.600000000000000089e+00 -4.582856000000000152e-01
6.000000000000000000e+00 -4.539664999999999950e-01
8.400000000000000355e+00 -4.446703000000000183e-01
1.080000000000000071e+01 -4.274238000000000204e-01
1.319999999999999929e+01 -4.017500999999999989e-01
1.559999999999999964e+01 -3.681462999999999819e-01
1.800000000000000000e+01 -3.261323999999999890e-01
2.039999999999999858e+01 -2.783904999999999852e-01
2.280000000000000071e+01 -2.343774000000000135e-01
2.519999999999999929e+01 -1.964295000000000069e-01
2.760000000000000142e+01 -1.642540000000000111e-01
3.000000000000000000e+01 -1.337147999999999948e-01
3.239999999999999858e+01 -1.038666000000000034e-01
3.479999999999999716e+01 -7.815924000000000482e-02
3.720000000000000284e+01 -5.511954000000000159e-02
3.960000000000000142e+01 -3.611290999999999807e-02
4.200000000000000000e+01 -2.189802000000000068e-02
4.439999999999999858e+01 -9.333999000000000809e-03
4.679999999999999716e+01 7.972005000000000324e-04
4.920000000000000284e+01 9.038496999999999504e-03
5.160000000000000142e+01 1.468335999999999947e-02
5.400000000000000000e+01 1.761507000000000003e-02
5.639999999999999858e+01 1.967744000000000090e-02
5.879999999999999716e+01 2.153793999999999847e-02
6.120000000000000284e+01 2.070955000000000018e-02
6.360000000000000142e+01 1.984437000000000006e-02
6.600000000000000000e+01 1.955348999999999976e-02
6.840000000000000568e+01 1.874674000000000132e-02
7.079999999999999716e+01 1.698768000000000153e-02
7.320000000000000284e+01 1.477327999999999975e-02
7.559999999999999432e+01 1.248989000000000002e-02
7.800000000000000000e+01 1.146789999999999962e-02
8.040000000000000568e+01 9.993594999999999215e-03
8.279999999999999716e+01 8.412390999999999966e-03
8.520000000000000284e+01 6.558579999999999618e-03
8.759999999999999432e+01 5.888955999999999878e-03
9.000000000000000000e+01 5.232289999999999684e-03
9.240000000000000568e+01 3.729838000000000077e-03
9.479999999999999716e+01 2.537047000000000174e-03
9.720000000000000284e+01 2.056328999999999969e-03
9.959999999999999432e+01 1.610345999999999913e-03
1.020000000000000000e+02 9.865666999999999406e-04
1.044000000000000057e+02 5.298476999999999788e-04
1.067999999999999972e+02 1.581568999999999900e-04
1.092000000000000028e+02 -4.470790000000000202e-04
1.115999999999999943e+02 -7.461069999999999768e-04
1.140000000000000000e+02 -8.540063999999999555e-04
1.164000000000000057e+02 -3.691562999999999811e-04
1.187999999999999972e+02 3.195442999999999960e-04
1.235999999999999943e+02 -1.629760248706312498e-04
1.284000000000000057e+02 5.543925890705020336e-06
1.331999999999999886e+02 -2.125773805088640900e-04
1.380000000000000000e+02 -1.571493467874287658e-05
1.428000000000000114e+02 1.132904547291759527e-04
